Correctly increased buys by one
Player correctly gained one estate
Took 2 estates from supply
//
Testing baron card...
ERROR: expected supplyCount doesn't match output
Test Failed:
	Discard Estate: 0
	Current Player: 0
	Previous State:
	{
	numPlayers: 3,
	supplyCount: {4,11,4,1,15,6,12,10,-1,-1,12,10,-1,10,10,-1,-1,10,-1,10,-1,-1,-1,-1,10,10,-1,}
	embargoTokens: {1369133069,1125898167,1059961393,2089018456,628175011,1656478042,1131176229,1653377373,859484421,1914544919,608413784,756898537,1734575198,1973594324,149798315,2038664370,1129566413,184803526,412776091,1424268980,1911759956,749241873,137806862,42999170,982906996,135497281,511702305,}
	outpostPlayed: 0,
	outpostTurn: 0,
	whoseTurn: 3,
	phase: 572660336,
	numActions: 1,
	coins: 380,
	numBuys: 1,
	hand: {
		{2,18,9,18,0,11,15,20,23,6,14,7,24,15,17,23,12,6,20,8,1,15,15,17,18,10,19,16,9,21,11,0,1,20,19,17,21,23,11,6,18,25,2,16,2,8,1,15,14,10,23,4,15,0,22,6,11,3,11,9,13,},
		{12,25,14,},
		{21,6,5,4,2,5,11,10,3,2,26,21,11,0,9,25,11,22,3,15,11,14,10,11,6,22,20,20,7,8,23,1,14,1,22,17,22,6,16,14,8,15,9,8,4,18,7,4,2,26,19,14,2,3,25,8,25,8,1,21,16,14,11,3,15,6,9,11,1,25,25,26,2,23,7,7,4,3,0,6,18,20,9,20,12,24,2,26,5,19,20,10,6,20,2,11,16,12,11,6,26,25,21,18,22,2,14,26,21,14,21,13,23,4,22,8,1,24,7,22,6,16,5,12,26,7,12,15,8,23,10,24,11,5,15,6,23,18,21,17,5,15,19,2,8,15,26,9,1,7,20,7,12,25,20,11,22,21,15,19,18,26,16,2,20,20,24,16,11,18,6,6,22,15,24,4,3,23,2,4,19,12,12,5,26,21,5,21,15,10,3,22,25,8,13,18,2,10,7,2,17,2,24,2,17,21,22,9,7,13,14,26,25,15,20,25,9,26,8,13,9,11,25,7,20,11,14,11,11,21,2,17,12,0,19,3,10,14,1,17,17,15,17,15,19,10,13,17,25,22,4,23,22,2,19,4,2,6,15,13,16,7,20,2,7,12,21,6,16,22,24,6,0,3,21,19,2,24,10,1,8,3,24,19,21,17,24,23,12,12,26,2,19,19,4,15,20,14,22,9,9,8,4,25,11,15,18,13,12,17,3,9,20,17,1,14,23,25,26,8,0,25,10,8,17,3,24,11,17,8,9,16,5,14,14,16,2,21,18,3,11,22,12,20,1,2,7,24,1,7,5,17,21,5,25,12,8,11,12,15,19,21,20,24,24,23,2,26,18,21,18,18,5,3,12,6,6,8,3,23,15,24,13,10,2,},
	}
	handCount: {61,3,385,}
	deck: {
		{23,23,4,4,6,24,18,4,20,9,19,0,19,11,19,24,3,20,19,25,1,11,10,6,25,23,5,0,24,5,16,9,17,20,2,23,6,9,16,16,19,25,16,11,9,24,25,1,17,6,16,8,18,26,3,16,23,8,5,9,13,22,18,3,4,9,15,0,19,5,16,11,3,21,11,1,19,9,18,25,16,7,22,23,7,25,1,19,22,6,1,24,17,8,16,11,6,5,11,25,26,16,25,18,10,26,8,18,8,26,17,13,7,1,25,3,0,26,22,11,22,12,9,12,9,25,12,15,19,23,3,18,12,17,25,12,16,6,3,14,22,20,16,18,11,15,21,11,3,5,11,25,6,20,0,4,19,12,8,0,25,11,19,26,2,6,11,7,13,15,21,8,24,11,15,8,26,9,8,2,3,20,17,9,2,17,2,10,18,10,11,16,11,3,16,2,9,16,9,11,20,4,8,18,15,23,15,3,21,13,21,24,22,11,22,24,17,24,8,9,8,19,14,19,11,19,21,9,9,19,21,2,23,18,9,0,15,14,19,25,0,14,23,22,14,18,19,21,5,16,19,2,8,6,21,19,26,4,18,24,23,12,15,9,19,25,9,23,12,2,22,1,5,18,12,8,25,4,2,19,21,21,21,18,17,15,0,16,8,18,13,5,19,1,14,11,15,12,8,16,3,3,6,24,10,18,6,24,23,24,17,6,8,11,24,25,16,13,3,24,4,5,18,23,22,21,8,0,7,5,16,10,8,23,8,7,3,3,4,26,16,21,21,24,6,8,11,22,21,14,8,26,8,0,11,4,21,19,4,1,24,9,1,21,21,25,1,25,17,6,13,6,16,24,4,22,5,4,6,15,8,15,3,16,4,15,9,25,7,2,16,21,12,6,4,},
		{22,4,6,9,21,1,23,0,17,9,20,2,14,25,24,18,6,1,22,11,5,10,21,20,6,23,9,16,24,15,21,9,8,16,18,18,17,3,18,23,12,1,14,15,15,12,7,10,13,2,21,8,12,4,1,7,17,10,24,14,14,18,12,11,7,4,2,13,23,20,25,9,10,13,24,25,14,20,8,16,22,19,24,23,23,25,4,13,24,17,17,0,8,2,11,4,22,13,6,19,23,20,17,6,6,14,21,9,24,18,26,19,10,23,5,23,11,25,9,8,15,26,25,23,18,9,16,13,23,22,5,8,4,11,14,11,15,24,9,12,16,8,20,15,21,25,11,5,23,10,2,11,25,0,23,16,26,12,3,11,23,24,19,1,9,22,1,24,20,26,25,25,8,18,13,18,17,14,23,2,24,14,14,22,4,26,1,3,1,4,3,13,17,22,3,15,17,20,1,10,20,26,24,1,7,11,19,24,14,4,15,11,7,18,22,11,18,23,3,19,16,6,21,23,17,25,11,8,18,2,7,11,17,5,1,24,5,20,10,19,13,26,19,21,17,3,21,24,0,14,5,5,9,0,1,0,25,2,24,5,4,4,17,10,25,18,8,3,1,7,11,14,22,19,8,13,23,19,26,12,6,5,17,15,5,19,15,19,21,12,24,14,6,3,24,4,22,21,24,12,2,24,26,13,17,24,26,2,16,15,14,11,20,20,26,14,12,4,22,22,5,19,9,0,12,23,21,23,17,18,8,8,15,7,22,21,20,10,12,25,25,26,9,7,20,25,21,21,2,16,17,23,25,15,13,26,11,7,22,18,25,3,26,2,26,10,13,20,10,25,18,8,14,1,5,23,15,15,17,6,21,23,2,19,12,15,7,23,22,2,14,9,5,3,1,20,13,14,13,23,12,21,21,15,11,26,11,26,3,2,5,24,14,23,5,26,1,12,23,},
		{23,14,26,22,8,2,23,2,5,10,4,17,11,25,0,0,25,15,0,24,19,2,18,16,6,15,22,5,16,7,17,1,11,17,12,19,8,8,10,2,7,15,20,19,2,20,8,1,9,8,14,1,0,22,17,6,10,1,11,15,9,18,5,20,8,18,1,5,26,1,8,7,16,1,15,7,10,23,24,19,20,1,9,20,23,16,26,22,17,0,10,26,18,15,8,15,6,26,20,6,0,17,2,5,7,17,12,18,2,26,26,22,0,25,5,12,14,4,7,4,20,17,20,0,21,17,4,17,16,14,12,16,4,14,21,12,20,23,19,22,11,18,6,0,16,11,12,19,5,19,24,14,25,6,15,8,23,19,25,13,6,10,18,0,13,13,12,6,25,4,17,9,11,24,9,17,8,21,9,2,2,22,17,},
	}
	deckCount: {395,419,183,}
	discard: {
		{13,14,13,12,0,9,11,18,9,25,20,10,4,18,3,11,0,14,8,25,20,5,8,19,24,10,14,14,15,5,8,2,19,21,3,19,19,3,26,1,1,9,0,22,0,3,6,17,7,3,4,0,24,13,19,21,23,23,8,1,1,5,19,9,16,11,17,8,14,16,26,16,25,26,0,15,3,22,21,10,25,25,26,11,11,19,6,24,4,3,14,21,9,6,3,25,17,20,22,20,25,21,25,24,21,25,1,24,20,11,7,7,9,6,8,10,14,3,23,7,6,10,1,4,16,4,18,22,24,14,4,23,8,3,9,2,1,26,15,11,10,11,7,8,7,4,18,21,7,14,18,3,13,19,7,18,13,15,13,26,2,18,11,26,10,20,18,0,8,6,11,7,18,8,16,25,12,23,8,9,0,15,12,13,8,8,5,10,23,7,9,14,14,21,14,24,3,21,25,1,16,25,8,7,22,24,21,8,21,19,17,10,23,18,23,20,26,17,3,23,25,13,10,1,23,13,26,26,7,13,0,24,11,25,20,7,22,4,4,5,12,10,15,8,1,1,2,0,18,21,12,5,7,12,7,19,25,22,8,22,8,24,8,8,22,17,4,18,21,24,12,22,7,17,20,24,7,11,14,14,5,26,20,2,11,16,21,26,11,2,21,8,0,2,5,22,19,10,2,3,7,4,14,4,},
		{21,7,1,17,18,4,4,24,4,13,15,4,2,9,3,2,12,13,26,1,15,5,23,24,15,15,16,11,19,3,15,2,0,6,19,7,10,23,4,3,10,8,24,1,18,0,4,19,14,3,20,18,24,5,4,12,20,20,13,1,13,1,3,13,23,11,20,23,8,14,15,7,22,12,24,2,13,17,21,16,10,14,7,7,20,1,9,2,21,22,4,23,12,7,25,9,19,19,21,16,22,9,12,6,11,9,9,13,16,3,2,26,7,25,6,0,15,15,2,10,10,6,22,23,3,21,21,11,2,4,0,24,2,1,19,13,26,1,26,15,21,17,14,1,5,21,1,20,25,19,19,9,15,15,21,18,25,4,2,0,8,18,24,10,8,16,13,7,7,1,23,1,8,10,2,2,20,19,11,19,11,4,17,15,8,11,6,22,15,24,22,12,4,8,22,12,13,24,20,20,26,5,},
		{10,7,15,12,9,9,20,20,17,5,13,7,9,10,18,16,5,22,2,0,7,23,24,18,8,11,16,17,4,4,22,15,11,0,16,9,25,10,2,15,4,5,22,13,4,2,18,10,24,21,26,20,6,24,11,14,8,16,21,1,20,5,16,20,5,22,2,3,5,21,18,25,15,2,0,19,4,19,2,1,2,18,10,8,15,11,11,12,0,21,13,10,0,19,19,21,14,22,25,8,5,5,6,20,24,6,1,1,14,4,19,16,11,2,13,26,13,14,11,3,8,24,2,8,16,21,3,19,16,17,0,10,11,22,19,8,18,21,26,5,14,18,11,25,9,13,24,23,0,24,15,9,10,17,6,0,11,25,8,17,15,9,0,16,4,9,24,22,3,12,17,17,3,17,15,13,3,1,25,4,25,2,2,8,19,8,24,19,7,6,9,11,4,26,0,8,24,14,20,0,26,26,6,19,16,21,21,8,11,8,12,9,10,14,6,2,12,20,10,8,26,9,19,3,24,9,0,21,23,9,21,11,24,0,19,13,10,13,22,21,21,23,19,20,0,14,11,1,7,22,9,22,4,1,14,1,10,15,22,22,13,5,23,11,21,15,13,4,18,24,14,1,21,6,22,10,20,22,11,17,17,20,12,10,10,0,0,10,4,11,5,6,16,17,17,10,22,20,3,2,17,17,3,0,12,14,10,6,10,10,12,16,3,24,0,3,13,16,13,6,1,7,13,6,25,19,6,20,12,9,22,19,16,14,19,1,2,19,23,1,18,8,6,11,22,6,14,8,12,0,15,13,7,17,8,5,9,14,14,11,13,25,3,2,13,11,19,4,19,16,21,11,13,0,22,8,23,9,17,8,9,21,10,5,11,18,11,9,6,14,20,8,13,12,26,15,24,18,19,5,23,},
	}
	discardCount: {304,202,401,}
	playedCards: {16,10,2,0,18,25,9,24,22,7,7,5,13,7,24,13,17,19,16,10,16,2,23,15,6,9,22,14,14,19,16,4,18,8,20,25,6,3,12,18,26,}
	playedCardCount: 41,
	}
	Current State:
	{
	numPlayers: 3,
	supplyCount: {4,9,4,1,15,6,12,10,-1,-1,12,10,-1,10,10,-1,-1,10,-1,10,-1,-1,-1,-1,10,10,-1,}
	embargoTokens: {1369133069,1125898167,1059961393,2089018456,628175011,1656478042,1131176229,1653377373,859484421,1914544919,608413784,756898537,1734575198,1973594324,149798315,2038664370,1129566413,184803526,412776091,1424268980,1911759956,749241873,137806862,42999170,982906996,135497281,511702305,}
	outpostPlayed: 0,
	outpostTurn: 0,
	whoseTurn: 3,
	phase: 572660336,
	numActions: 1,
	coins: 380,
	numBuys: 2,
	hand: {
		{2,18,9,18,0,11,15,20,23,6,14,7,24,15,17,23,12,6,20,8,1,15,15,17,18,10,19,16,9,21,11,0,1,20,19,17,21,23,11,6,18,25,2,16,2,8,1,15,14,10,23,4,15,0,22,6,11,3,11,9,13,},
		{12,25,14,},
		{21,6,5,4,2,5,11,10,3,2,26,21,11,0,9,25,11,22,3,15,11,14,10,11,6,22,20,20,7,8,23,1,14,1,22,17,22,6,16,14,8,15,9,8,4,18,7,4,2,26,19,14,2,3,25,8,25,8,1,21,16,14,11,3,15,6,9,11,1,25,25,26,2,23,7,7,4,3,0,6,18,20,9,20,12,24,2,26,5,19,20,10,6,20,2,11,16,12,11,6,26,25,21,18,22,2,14,26,21,14,21,13,23,4,22,8,1,24,7,22,6,16,5,12,26,7,12,15,8,23,10,24,11,5,15,6,23,18,21,17,5,15,19,2,8,15,26,9,1,7,20,7,12,25,20,11,22,21,15,19,18,26,16,2,20,20,24,16,11,18,6,6,22,15,24,4,3,23,2,4,19,12,12,5,26,21,5,21,15,10,3,22,25,8,13,18,2,10,7,2,17,2,24,2,17,21,22,9,7,13,14,26,25,15,20,25,9,26,8,13,9,11,25,7,20,11,14,11,11,21,2,17,12,0,19,3,10,14,1,17,17,15,17,15,19,10,13,17,25,22,4,23,22,2,19,4,2,6,15,13,16,7,20,2,7,12,21,6,16,22,24,6,0,3,21,19,2,24,10,1,8,3,24,19,21,17,24,23,12,12,26,2,19,19,4,15,20,14,22,9,9,8,4,25,11,15,18,13,12,17,3,9,20,17,1,14,23,25,26,8,0,25,10,8,17,3,24,11,17,8,9,16,5,14,14,16,2,21,18,3,11,22,12,20,1,2,7,24,1,7,5,17,21,5,25,12,8,11,12,15,19,21,20,24,24,23,2,26,18,21,18,18,5,3,12,6,6,8,3,23,15,24,13,10,2,},
	}
	handCount: {61,3,385,}
	deck: {
		{23,23,4,4,6,24,18,4,20,9,19,0,19,11,19,24,3,20,19,25,1,11,10,6,25,23,5,0,24,5,16,9,17,20,2,23,6,9,16,16,19,25,16,11,9,24,25,1,17,6,16,8,18,26,3,16,23,8,5,9,13,22,18,3,4,9,15,0,19,5,16,11,3,21,11,1,19,9,18,25,16,7,22,23,7,25,1,19,22,6,1,24,17,8,16,11,6,5,11,25,26,16,25,18,10,26,8,18,8,26,17,13,7,1,25,3,0,26,22,11,22,12,9,12,9,25,12,15,19,23,3,18,12,17,25,12,16,6,3,14,22,20,16,18,11,15,21,11,3,5,11,25,6,20,0,4,19,12,8,0,25,11,19,26,2,6,11,7,13,15,21,8,24,11,15,8,26,9,8,2,3,20,17,9,2,17,2,10,18,10,11,16,11,3,16,2,9,16,9,11,20,4,8,18,15,23,15,3,21,13,21,24,22,11,22,24,17,24,8,9,8,19,14,19,11,19,21,9,9,19,21,2,23,18,9,0,15,14,19,25,0,14,23,22,14,18,19,21,5,16,19,2,8,6,21,19,26,4,18,24,23,12,15,9,19,25,9,23,12,2,22,1,5,18,12,8,25,4,2,19,21,21,21,18,17,15,0,16,8,18,13,5,19,1,14,11,15,12,8,16,3,3,6,24,10,18,6,24,23,24,17,6,8,11,24,25,16,13,3,24,4,5,18,23,22,21,8,0,7,5,16,10,8,23,8,7,3,3,4,26,16,21,21,24,6,8,11,22,21,14,8,26,8,0,11,4,21,19,4,1,24,9,1,21,21,25,1,25,17,6,13,6,16,24,4,22,5,4,6,15,8,15,3,16,4,15,9,25,7,2,16,21,12,6,4,},
		{22,4,6,9,21,1,23,0,17,9,20,2,14,25,24,18,6,1,22,11,5,10,21,20,6,23,9,16,24,15,21,9,8,16,18,18,17,3,18,23,12,1,14,15,15,12,7,10,13,2,21,8,12,4,1,7,17,10,24,14,14,18,12,11,7,4,2,13,23,20,25,9,10,13,24,25,14,20,8,16,22,19,24,23,23,25,4,13,24,17,17,0,8,2,11,4,22,13,6,19,23,20,17,6,6,14,21,9,24,18,26,19,10,23,5,23,11,25,9,8,15,26,25,23,18,9,16,13,23,22,5,8,4,11,14,11,15,24,9,12,16,8,20,15,21,25,11,5,23,10,2,11,25,0,23,16,26,12,3,11,23,24,19,1,9,22,1,24,20,26,25,25,8,18,13,18,17,14,23,2,24,14,14,22,4,26,1,3,1,4,3,13,17,22,3,15,17,20,1,10,20,26,24,1,7,11,19,24,14,4,15,11,7,18,22,11,18,23,3,19,16,6,21,23,17,25,11,8,18,2,7,11,17,5,1,24,5,20,10,19,13,26,19,21,17,3,21,24,0,14,5,5,9,0,1,0,25,2,24,5,4,4,17,10,25,18,8,3,1,7,11,14,22,19,8,13,23,19,26,12,6,5,17,15,5,19,15,19,21,12,24,14,6,3,24,4,22,21,24,12,2,24,26,13,17,24,26,2,16,15,14,11,20,20,26,14,12,4,22,22,5,19,9,0,12,23,21,23,17,18,8,8,15,7,22,21,20,10,12,25,25,26,9,7,20,25,21,21,2,16,17,23,25,15,13,26,11,7,22,18,25,3,26,2,26,10,13,20,10,25,18,8,14,1,5,23,15,15,17,6,21,23,2,19,12,15,7,23,22,2,14,9,5,3,1,20,13,14,13,23,12,21,21,15,11,26,11,26,3,2,5,24,14,23,5,26,1,12,23,},
		{23,14,26,22,8,2,23,2,5,10,4,17,11,25,0,0,25,15,0,24,19,2,18,16,6,15,22,5,16,7,17,1,11,17,12,19,8,8,10,2,7,15,20,19,2,20,8,1,9,8,14,1,0,22,17,6,10,1,11,15,9,18,5,20,8,18,1,5,26,1,8,7,16,1,15,7,10,23,24,19,20,1,9,20,23,16,26,22,17,0,10,26,18,15,8,15,6,26,20,6,0,17,2,5,7,17,12,18,2,26,26,22,0,25,5,12,14,4,7,4,20,17,20,0,21,17,4,17,16,14,12,16,4,14,21,12,20,23,19,22,11,18,6,0,16,11,12,19,5,19,24,14,25,6,15,8,23,19,25,13,6,10,18,0,13,13,12,6,25,4,17,9,11,24,9,17,8,21,9,2,2,22,17,},
	}
	deckCount: {395,419,183,}
	discard: {
		{13,14,13,12,0,9,11,18,9,25,20,10,4,18,3,11,0,14,8,25,20,5,8,19,24,10,14,14,15,5,8,2,19,21,3,19,19,3,26,1,1,9,0,22,0,3,6,17,7,3,4,0,24,13,19,21,23,23,8,1,1,5,19,9,16,11,17,8,14,16,26,16,25,26,0,15,3,22,21,10,25,25,26,11,11,19,6,24,4,3,14,21,9,6,3,25,17,20,22,20,25,21,25,24,21,25,1,24,20,11,7,7,9,6,8,10,14,3,23,7,6,10,1,4,16,4,18,22,24,14,4,23,8,3,9,2,1,26,15,11,10,11,7,8,7,4,18,21,7,14,18,3,13,19,7,18,13,15,13,26,2,18,11,26,10,20,18,0,8,6,11,7,18,8,16,25,12,23,8,9,0,15,12,13,8,8,5,10,23,7,9,14,14,21,14,24,3,21,25,1,16,25,8,7,22,24,21,8,21,19,17,10,23,18,23,20,26,17,3,23,25,13,10,1,23,13,26,26,7,13,0,24,11,25,20,7,22,4,4,5,12,10,15,8,1,1,2,0,18,21,12,5,7,12,7,19,25,22,8,22,8,24,8,8,22,17,4,18,21,24,12,22,7,17,20,24,7,11,14,14,5,26,20,2,11,16,21,26,11,2,21,8,0,2,5,22,19,10,2,3,7,4,14,4,1,},
		{21,7,1,17,18,4,4,24,4,13,15,4,2,9,3,2,12,13,26,1,15,5,23,24,15,15,16,11,19,3,15,2,0,6,19,7,10,23,4,3,10,8,24,1,18,0,4,19,14,3,20,18,24,5,4,12,20,20,13,1,13,1,3,13,23,11,20,23,8,14,15,7,22,12,24,2,13,17,21,16,10,14,7,7,20,1,9,2,21,22,4,23,12,7,25,9,19,19,21,16,22,9,12,6,11,9,9,13,16,3,2,26,7,25,6,0,15,15,2,10,10,6,22,23,3,21,21,11,2,4,0,24,2,1,19,13,26,1,26,15,21,17,14,1,5,21,1,20,25,19,19,9,15,15,21,18,25,4,2,0,8,18,24,10,8,16,13,7,7,1,23,1,8,10,2,2,20,19,11,19,11,4,17,15,8,11,6,22,15,24,22,12,4,8,22,12,13,24,20,20,26,5,},
		{10,7,15,12,9,9,20,20,17,5,13,7,9,10,18,16,5,22,2,0,7,23,24,18,8,11,16,17,4,4,22,15,11,0,16,9,25,10,2,15,4,5,22,13,4,2,18,10,24,21,26,20,6,24,11,14,8,16,21,1,20,5,16,20,5,22,2,3,5,21,18,25,15,2,0,19,4,19,2,1,2,18,10,8,15,11,11,12,0,21,13,10,0,19,19,21,14,22,25,8,5,5,6,20,24,6,1,1,14,4,19,16,11,2,13,26,13,14,11,3,8,24,2,8,16,21,3,19,16,17,0,10,11,22,19,8,18,21,26,5,14,18,11,25,9,13,24,23,0,24,15,9,10,17,6,0,11,25,8,17,15,9,0,16,4,9,24,22,3,12,17,17,3,17,15,13,3,1,25,4,25,2,2,8,19,8,24,19,7,6,9,11,4,26,0,8,24,14,20,0,26,26,6,19,16,21,21,8,11,8,12,9,10,14,6,2,12,20,10,8,26,9,19,3,24,9,0,21,23,9,21,11,24,0,19,13,10,13,22,21,21,23,19,20,0,14,11,1,7,22,9,22,4,1,14,1,10,15,22,22,13,5,23,11,21,15,13,4,18,24,14,1,21,6,22,10,20,22,11,17,17,20,12,10,10,0,0,10,4,11,5,6,16,17,17,10,22,20,3,2,17,17,3,0,12,14,10,6,10,10,12,16,3,24,0,3,13,16,13,6,1,7,13,6,25,19,6,20,12,9,22,19,16,14,19,1,2,19,23,1,18,8,6,11,22,6,14,8,12,0,15,13,7,17,8,5,9,14,14,11,13,25,3,2,13,11,19,4,19,16,21,11,13,0,22,8,23,9,17,8,9,21,10,5,11,18,11,9,6,14,20,8,13,12,26,15,24,18,19,5,23,},
	}
	discardCount: {305,202,401,}
	playedCards: {16,10,2,0,18,25,9,24,22,7,7,5,13,7,24,13,17,19,16,10,16,2,23,15,6,9,22,14,14,19,16,4,18,8,20,25,6,3,12,18,26,}
	playedCardCount: 41,
	}
--------------------------